1000
15 4 20
15 3 20
19 9 35
21 7 47
29 6 40
30 6 36
53 2 62
54 7 69
70 2 78
78 4 101
87 3 97
101 2 108
113 9 127
134 4 157
136 2 145
138 5 146
153 7 166
164 8 181
168 8 183
170 2 187
176 7 195
188 9 209
241 7 248
259 1 261
290 1 304
307 3 315
308 2 328
319 8 346
320 9 335
323 6 335
330 3 343
331 4 343
343 3 357
356 8 383
357 8 377
357 8 382
372 4 379
375 8 396
382 2 395
389 5 411
408 7 424
413 3 428
432 1 442
437 7 447
454 7 469
464 9 491
467 9 486
471 4 485
479 5 491
486 8 504
499 5 523
500 1 501
522 2 541
527 2 548
528 3 547
529 5 553
539 7 556
539 6 563
541 2 560
548 1 566
549 2 558
585 6 608
602 6 619
606 1 611
632 5 639
639 8 657
665 9 680
671 8 681
672 1 673
704 9 726
711 8 734
718 9 735
738 5 756
740 6 764
742 4 750
746 5 768
750 2 770
763 1 782
771 1 786
796 6 817
799 5 816
806 1 824
810 1 814
851 6 872
875 2 894
896 5 906
916 7 935
916 3 919
930 6 950
948 4 955
956 6 974
958 5 969
970 4 990
976 3 991
981 2 984
993 9 1011
1007 4 1011
1010 7 1021
1012 5 1033
1015 1 1021
1038 5 1059
1045 4 1067
1047 5 1066
1053 5 1073
1086 9 1108
1110 3 1124
1121 7 1145
1124 1 1127
1127 8 1150
1147 2 1151
1158 8 1169
1161 1 1170
1165 4 1175
1167 2 1183
1180 9 1194
1197 4 1211
1205 8 1227
1205 9 1233
1210 8 1226
1211 7 1225
1211 1 1231
1227 3 1230
1230 5 1239
1233 5 1241
1241 1 1254
1248 8 1268
1263 9 1289
1269 7 1294
1271 3 1284
1283 3 1298
1288 6 1301
1316 3 1329
1332 3 1349
1336 4 1347
1347 5 1360
1354 7 1380
1355 3 1373
1356 1 1360
1365 4 1377
1387 4 1393
1392 4 1412
1398 2 1419
1400 8 1413
1427 9 1445
1437 1 1450
1440 1 1443
1446 6 1460
1451 8 1468
1457 5 1471
1469 6 1492
1481 1 1495
1503 1 1517
1505 8 1518
1519 8 1535
1549 7 1558
1551 9 1572
1558 5 1582
1590 9 1603
1596 1 1615
1601 3 1608
1616 9 1638
1622 3 1637
1622 8 1638
1627 7 1645
1632 3 1654
1635 2 1656
1642 6 1666
1650 9 1676
1650 5 1668
1650 5 1674
1652 1 1654
1653 2 1670
1672 9 1687
1682 1 1699
1683 4 1689
1706 9 1729
1708 7 1721
1719 2 1726
1722 3 1726
1747 3 1754
1752 2 1765
1763 1 1779
1780 7 1789
1783 5 1790
1785 9 1810
1789 2 1795
1802 7 1813
1811 6 1836
1813 8 1832
1816 5 1837
1842 8 1859
1842 6 1864
1854 4 1872
1870 9 1895
1876 9 1901
1877 5 1887
1878 9 1904
1892 2 1905
1900 7 1914
1901 8 1918
1904 1 1909
1909 5 1933
1928 7 1943
1942 9 1967
1962 6 1985
1964 5 1988
1969 5 1985
1975 6 1989
1976 8 1992
1988 4 1998
2001 3 2021
2001 4 2015
2019 7 2044
2043 9 2065
2081 4 2104
2082 3 2090
2084 2 2103
2088 6 2100
2109 3 2115
2122 9 2143
2127 5 2141
2134 7 2157
2159 9 2172
2161 2 2172
2169 4 2190
2174 6 2199
2196 5 2213
2205 8 2224
2211 1 2212
2270 3 2289
2292 9 2316
2302 3 2310
2303 5 2321
2306 8 2315
2348 2 2351
2370 5 2385
2376 9 2392
2377 6 2388
2395 2 2399
2400 7 2420
2404 1 2419
2468 8 2495
2479 4 2488
2483 2 2503
2485 1 2490
2494 4 2515
2496 1 2500
2528 8 2540
2563 4 2579
2565 9 2574
2570 6 2578
2583 3 2604
2583 7 2597
2622 1 2636
2626 2 2630
2638 8 2655
2658 1 2661
2665 9 2686
2672 3 2676
2689 2 2710
2691 1 2698
2694 7 2717
2696 4 2717
2696 7 2722
2697 2 2702
2705 5 2718
2714 1 2725
2716 5 2727
2733 6 2744
2733 1 2749
2745 1 2757
2755 3 2766
2758 9 2777
2772 5 2794
2774 6 2798
2776 9 2791
2793 2 2812
2809 3 2814
2847 8 2871
2863 4 2881
2865 5 2889
2907 7 2915
2911 5 2930
2915 4 2926
2930 8 2955
2938 4 2949
2977 3 2991
2978 1 2984
2995 7 3012
2995 4 3010
3029 4 3036
3041 3 3056
3062 4 3068
3064 5 3072
3075 8 3101
3103 5 3112
3108 9 3121
3138 4 3159
3157 1 3165
3164 5 3186
3164 5 3183
3164 9 3182
3165 6 3186
3173 9 3191
3179 3 3184
3191 4 3208
3193 2 3210
3204 6 3218
3211 2 3224
3229 9 3246
3245 8 3254
3273 2 3282
3286 7 3310
3286 3 3299
3300 7 3316
3317 2 3330
3327 8 3351
3331 9 3357
3333 3 3346
3351 9 3376
3351 8 3375
3352 2 3365
3352 1 3356
3352 4 3373
3355 6 3370
3367 2 3372
3379 4 3400
3384 2 3405
3400 9 3417
3437 1 3449
3437 3 3455
3450 2 3452
3458 6 3473
3480 1 3482
3492 2 3513
3497 5 3515
3507 2 3519
3522 5 3531
3532 9 3560
3553 7 3578
3568 9 3577
3572 6 3589
3592 5 3607
3613 5 3635
3613 1 3623
3626 7 3646
3630 2 3651
3645 2 3664
3650 3 3660
3655 3 3674
3672 6 3683
3677 4 3696
3708 9 3735
3713 6 3730
3719 7 3728
3728 8 3755
3746 7 3772
3802 1 3822
3802 8 3811
3821 4 3831
3822 5 3838
3823 4 3838
3831 2 3846
3839 5 3844
3852 2 3863
3853 4 3865
3862 4 3871
3872 6 3883
3874 1 3894
3892 3 3914
3895 2 3903
3896 2 3909
3900 1 3906
3905 5 3920
3926 3 3936
3926 9 3946
3930 5 3937
3952 8 3960
3959 5 3973
3982 6 3999
3995 7 4004
3997 6 4010
4022 8 4048
4022 9 4034
4025 8 4041
4028 8 4040
4029 3 4036
4030 2 4034
4033 5 4055
4037 5 4057
4042 2 4052
4043 7 4051
4048 1 4067
4052 9 4076
4054 1 4055
4070 9 4093
4078 2 4088
4089 9 4105
4090 3 4112
4096 1 4103
4107 7 4130
4121 3 4138
4144 4 4159
4151 7 4174
4151 3 4163
4178 7 4191
4217 4 4231
4228 3 4247
4231 9 4247
4254 8 4263
4277 5 4286
4293 1 4299
4313 9 4340
4317 1 4331
4330 5 4349
4330 1 4334
4337 6 4359
4337 5 4355
4338 7 4345
4344 6 4364
4367 6 4378
4381 8 4393
4384 3 4390
4386 1 4405
4396 2 4400
4398 6 4414
4399 5 4417
4402 8 4420
4402 6 4409
4407 2 4428
4446 8 4467
4446 8 4470
4457 8 4479
4475 1 4490
4476 4 4487
4477 2 4479
4495 7 4509
4503 1 4518
4507 1 4510
4511 4 4524
4540 3 4545
4542 2 4555
4543 2 4547
4546 7 4561
4551 2 4557
4572 4 4579
4600 5 4607
4604 4 4622
4608 9 4628
4610 8 4633
4615 4 4626
4623 9 4643
4626 2 4636
4642 7 4667
4644 1 4664
4651 7 4675
4652 6 4663
4657 8 4675
4660 4 4677
4661 6 4669
4664 1 4668
4690 5 4707
4694 2 4703
4722 2 4731
4723 5 4733
4762 5 4773
4770 8 4788
4803 2 4819
4829 3 4850
4831 5 4847
4839 2 4842
4843 8 4869
4846 4 4853
4852 2 4858
4857 8 4871
4858 4 4868
4862 3 4873
4867 9 4895
4871 2 4880
4873 3 4880
4898 2 4902
4905 9 4924
4906 5 4915
4930 4 4942
4937 1 4943
4942 3 4960
4962 3 4974
4965 6 4973
4968 9 4987
4970 6 4978
4988 1 5002
4989 5 5008
4991 6 5013
4998 5 5012
5018 9 5040
5031 9 5043
5042 9 5064
5045 5 5067
5056 6 5071
5066 6 5081
5069 3 5085
5075 2 5078
5092 7 5115
5094 3 5105
5177 7 5193
5181 9 5208
5197 4 5213
5201 8 5219
5202 7 5219
5210 3 5228
5219 3 5241
5225 7 5235
5231 9 5252
5239 4 5248
5243 7 5257
5246 9 5267
5253 7 5279
5282 9 5306
5282 8 5301
5284 7 5294
5307 9 5335
5333 5 5342
5340 1 5344
5343 2 5363
5350 6 5367
5361 4 5374
5366 2 5381
5367 2 5373
5369 8 5381
5371 9 5393
5371 4 5378
5372 5 5389
5380 9 5401
5382 9 5401
5390 4 5395
5398 3 5413
5403 3 5416
5418 5 5431
5426 6 5438
5426 1 5430
5430 5 5452
5433 3 5442
5442 9 5463
5464 4 5476
5467 3 5484
5494 9 5511
5504 9 5530
5519 9 5539
5521 9 5546
5523 3 5536
5538 8 5552
5540 8 5565
5561 5 5576
5565 6 5576
5566 4 5573
5574 3 5581
5577 2 5598
5578 9 5591
5579 9 5588
5599 4 5606
5627 2 5630
5633 2 5649
5655 8 5676
5696 9 5719
5698 1 5715
5702 8 5725
5724 8 5739
5736 5 5759
5742 7 5759
5764 4 5786
5768 7 5793
5775 8 5786
5794 2 5805
5799 4 5812
5804 1 5817
5806 3 5827
5841 2 5858
5851 2 5858
5853 1 5854
5894 6 5908
5895 9 5914
5901 9 5929
5927 6 5943
5934 6 5941
5941 5 5962
5947 8 5971
5990 4 5994
6026 7 6037
6033 6 6049
6036 9 6047
6069 5 6092
6084 3 6096
6095 1 6107
6100 8 6119
6114 6 6127
6125 7 6149
6126 3 6143
6132 2 6140
6160 3 6181
6172 2 6184
6180 7 6196
6208 5 6223
6217 5 6239
6226 1 6230
6229 1 6249
6229 6 6243
6247 9 6273
6249 1 6268
6258 3 6262
6261 1 6266
6273 4 6292
6316 6 6341
6328 2 6343
6328 9 6352
6340 8 6359
6350 8 6361
6377 9 6404
6390 9 6416
6391 4 6404
6417 7 6426
6426 1 6427
6440 6 6464
6444 6 6469
6448 3 6458
6462 3 6473
6487 7 6505
6488 5 6507
6496 1 6513
6498 6 6507
6507 4 6524
6515 8 6526
6537 5 6558
6549 6 6572
6554 7 6572
6558 3 6566
6586 9 6613
6600 9 6628
6619 9 6628
6638 3 6652
6654 6 6666
6657 4 6677
6683 9 6694
6703 7 6710
6710 1 6729
6717 3 6724
6718 1 6727
6721 4 6728
6737 1 6756
6763 6 6772
6764 4 6774
6767 9 6786
6767 7 6787
6780 6 6787
6783 9 6802
6792 4 6813
6806 4 6827
6810 4 6822
6814 6 6827
6828 1 6841
6846 2 6850
6857 2 6877
6860 7 6873
6862 8 6889
6872 4 6881
6887 6 6912
6891 6 6899
6897 2 6907
6905 6 6928
6912 4 6923
6921 4 6939
6922 3 6941
6929 7 6939
6940 6 6963
6943 9 6956
6960 1 6973
6962 3 6971
6986 9 7004
6987 8 6996
6989 8 7014
6996 3 7003
7027 1 7046
7043 1 7056
7060 1 7069
7067 8 7081
7074 5 7097
7103 7 7124
7103 6 7117
7103 7 7115
7115 1 7128
7125 9 7146
7127 3 7134
7132 4 7155
7159 1 7168
7160 7 7174
7163 9 7173
7179 8 7197
7185 5 7203
7202 4 7223
7203 1 7212
7209 3 7227
7215 1 7217
7229 5 7249
7243 4 7264
7243 6 7263
7252 4 7268
7261 9 7281
7269 8 7285
7279 7 7301
7282 2 7285
7295 8 7310
7307 6 7320
7336 3 7348
7338 9 7352
7353 5 7369
7373 8 7396
7382 5 7402
7392 3 7398
7408 7 7415
7417 7 7429
7428 7 7440
7439 9 7451
7467 7 7485
7470 5 7477
7485 6 7495
7489 9 7503
7494 3 7509
7500 1 7511
7516 6 7534
7522 5 7545
7536 2 7551
7543 7 7553
7546 8 7567
7548 9 7557
7574 6 7594
7588 3 7597
7591 1 7598
7592 8 7609
7610 2 7629
7619 7 7645
7619 7 7640
7652 2 7670
7668 5 7677
7675 8 7695
7707 2 7724
7734 9 7743
7741 6 7761
7752 4 7767
7753 9 7773
7758 4 7764
7758 4 7766
7768 6 7790
7791 2 7805
7794 7 7819
7797 6 7815
7798 7 7823
7800 5 7818
7800 6 7819
7801 5 7819
7802 6 7818
7805 1 7806
7807 6 7815
7817 1 7837
7824 1 7834
7825 7 7847
7830 9 7850
7833 8 7856
7837 4 7847
7847 7 7866
7853 2 7862
7864 5 7884
7875 6 7884
7876 8 7887
7877 4 7888
7880 3 7894
7887 7 7909
7887 2 7903
7891 9 7900
7907 3 7916
7924 1 7929
7925 6 7946
7929 1 7933
7939 4 7961
7954 8 7972
7988 3 8003
7993 5 8008
8006 1 8013
8012 3 8019
8020 3 8035
8025 2 8032
8030 4 8049
8036 5 8047
8036 6 8046
8042 7 8050
8044 2 8061
8051 9 8066
8065 3 8078
8071 9 8097
8094 3 8103
8109 8 8124
8111 1 8123
8120 5 8131
8121 4 8143
8124 2 8134
8129 3 8151
8130 8 8139
8141 3 8146
8151 6 8167
8153 3 8157
8171 5 8185
8184 6 8196
8189 7 8200
8190 9 8211
8191 9 8202
8193 6 8216
8203 9 8225
8204 7 8212
8218 7 8234
8268 7 8288
8270 5 8293
8284 6 8301
8292 7 8310
8296 9 8315
8312 8 8333
8322 1 8334
8322 7 8331
8326 4 8348
8331 4 8341
8350 7 8362
8370 6 8376
8373 5 8380
8375 5 8390
8395 2 8410
8399 9 8420
8400 1 8420
8409 8 8430
8424 4 8442
8431 3 8449
8452 9 8474
8463 2 8483
8487 3 8496
8490 2 8500
8497 1 8507
8506 5 8530
8518 6 8543
8529 2 8543
8532 5 8553
8553 7 8577
8556 3 8571
8564 7 8579
8565 3 8574
8598 9 8619
8600 1 8606
8613 8 8632
8615 9 8633
8616 4 8636
8616 5 8631
8630 8 8655
8649 1 8666
8657 8 8669
8657 7 8676
8668 2 8679
8698 8 8706
8699 2 8709
8701 1 8718
8720 5 8739
8739 6 8749
8747 5 8760
8748 3 8751
8751 8 8762
8761 2 8778
8778 6 8785
8782 7 8799
8793 9 8813
8793 3 8813
8829 7 8849
8829 7 8852
8857 4 8877
8858 1 8872
8860 6 8869
8861 4 8880
8863 4 8883
8874 5 8891
8886 9 8914
8900 7 8922
8905 3 8922
8909 3 8913
8919 5 8926
8940 9 8960
8945 8 8970
8955 5 8974
8978 2 8987
8978 3 9000
8987 1 9000
8989 1 8993
8999 6 9008
9027 4 9034
9040 6 9062
9058 9 9076
9058 4 9081
9059 8 9068
9075 1 9089
9085 8 9094
9105 4 9115
9109 5 9122
9114 8 9135
9135 1 9136
9145 6 9170
9145 9 9173
9148 1 9160
9162 2 9180
9167 8 9190
9178 7 9196
9179 4 9186
9181 4 9190
9185 8 9204
9213 7 9235
9219 9 9236
9241 5 9259
9242 9 9257
9248 6 9262
9255 7 9271
9257 7 9274
9263 9 9285
9266 8 9277
9268 2 9287
9279 5 9286
9280 3 9295
9288 5 9298
9297 9 9309
9304 6 9315
9306 7 9326
9310 2 9331
9313 5 9327
9318 1 9319
9324 5 9346
9325 4 9341
9330 6 9344
9334 6 9344
9334 7 9348
9336 4 9349
9338 6 9346
9340 1 9353
9343 2 9354
9357 1 9368
9363 4 9370
9379 4 9391
9388 9 9409
9397 9 9406
9426 2 9437
9431 5 9455
9431 5 9441
9439 6 9455
9452 3 9461
9458 2 9472
9462 2 9480
9483 3 9486
9484 5 9508
9514 7 9523
9515 9 9542
9547 8 9561
9553 7 9569
9560 3 9566
9574 1 9587
9587 4 9600
9590 6 9602
9601 3 9614
9601 7 9613
9602 5 9607
9604 9 9619
9618 4 9637
9629 2 9641
9629 8 9647
9632 9 9659
9635 4 9657
9639 7 9661
9655 5 9678
9665 8 9685
9671 1 9691
9691 6 9711
9700 8 9724
9700 4 9707
9716 7 9738
9740 5 9761
9742 7 9764
9769 5 9788
9774 6 9784
9807 9 9829
9811 9 9839
9817 7 9824
9822 9 9838
9830 2 9834
9855 7 9864
9857 2 9878
9876 9 9891
9888 4 9892
9903 2 9923
9919 9 9942
9955 7 9981
9992 4 10010
9996 5 10008