-47.6847
741.5257
-15600.5693
0.0087
ERROR
-10240.5638
-517.8531
-157041491.0378
ERROR
624.4735
-14478.2168
122.0129
-4056.6469
-44870.2671
-446219.3007
-12304.6814
-230661.3073
9.8549
-21846.9170
-318429.3851
0.0200
-437.7820
-253.4620
-5593706.6394
5677288.6857
0.0001
0.4148
-13296.1299
8.7588
2204.3259
-0.7177
-391.9754
620.0853
ERROR
5.1614
-68.1963
168705344.0986
-48.9869
53639.0980
86.4157
609.6178
-1212.3563
-0.0715
-1948.2526
-35968.0701
0.1722
-0.0000
-3384625.4565
-19353.5410
-9436294.0876
2681.8532
ERROR
159891106.7395
893.8344
-1551.1414
26.2787
894663899.8125
0.9047
0.0705
3973.4517
35150.8127
2259.0536
-124.4715
199787.4384
-43079.1916
3918.2251
ERROR
-90.9790
-426.0236
6098.5989
25.7812
-8342.9191
0.0002
-2106065.6707
258.0629
110585.5796
15.1408
-1464744.6300
0.0224
-54.0858
-22.4787
-202502.8532
-414.0026
0.0000
-0.6361
-57.0043
-1341.0092
28775683.9812
ERROR
1657.4140
12957.7274
12490.9479
-0.0040
ERROR
39527536390.3202
-17.1154
2.6535
473492.0308
ERROR
20051.6493
-117626938.5012
0.0001
-5.9170
9.0562
-1.9168
0.5355
-1.3651
-384017035.0689
1631.8624
-221990381.5988
-1244.2172
-5856.0352
-7144.4892
345.8882
228291.4796
26678.4725
ERROR
-57.9731
10.8469
-21939.9169
2008.6759
799.8607
66806.3292
-26.1414
-4.7737
228.1036
8359.4042
0.0816
-14.4448
-25630229604.1186
-0.1563
-35.3866
-2.2811
-2260.4058
0.7340
134.6385
2960080.3464
-0.0002
107.0217
-2749.9144
-62072921.4371
-125738.2308
104232.0404
11098.7898
-2.7312
78289.1046
-0.0000
40.3284
159246.2498
4733.8762
-64.6144
ERROR
-161653875335.5805
2635.8040
39.9961
-11722.6317
1.9795
798076.8631
5822.4704
-0.0157
ERROR
-0.2143
35072.9729
177841.9075
-17130326.1068
444066.6478
-9524.2863
152043.4159
53.8958
-2532.1300
ERROR
-134.8761
-58651.5673
21723927.4679
-2.4518
-287.3977
-10.1498
29.1594
-1211.6614
-9361.3490
-22964.3421
0.0000
-202.1349
1143.7268
-33.8751
0.0014
7233449.5019
-3781.9316
-0.0272
-38.1728
706.2487
-1827.7500
-5844921.9183
-345.4618
-440.8115
-128.0662
10218.5872
ERROR
-0.0650
-1.4547
-341691.1972
41460.0450
-553.4535
5279701.7157
7580912.4413
-1517.1342
-1807.3037
0.0843
ERROR
-1476.6040
328.8394
-98631.6629
77.3894
589.7501
-75.3265
1.8100
15371944877.3350
10.0550
-2066.7316
10.7771
2309993.2477
55.7287
557.8621
21189894.5615
1375.4504
0.0000
-1299.3793
56.6760
1720.1202
-0.0002
-246905.8591
819021.6567
1066.6641
164.1985
-20169030.4114
-1671.5892
8497132.7172
-246166932092.5250
-1126.0676
-89447.3863
215.7162
6089437.4012
107.1788
95.6288
-3.6343
507322.7975
37586.8419
-1862.6681
-47125629.5674
-70.6357
0.1021
-0.0003
2413320.8887
-577.6606
45.8136
1.3171
-352.1107
4392.0991
32202.8346
270172.1214
-7241.7585
-1486391.4827
0.0044
1182.9679
0.2124
0.1790
0.0305
14205.0520
35587.6464
39.3750
-19247407442.0584
-442.5145
-346.1606
167.3145
17590.3051
-71536580980.6334
-0.0270
19242.9762
9460.8225
1310.2300
-14272.4156
74552.6749
ERROR
ERROR
-0.1106
-11.2593
-0.0588
-1.0410
141235576.4098
509243.4996
-1162.7888
-177.3946
-23185.0073
-0.0031
-17.7475
75715.0827
-656.6029
3.1099
-7104112.9849
-108797.4953
-294.5575
-12104.9646
-20.1420
1096603.7458
4.1449
41382723671.3005
25932.7893
1991.9097
1591905.8870
1870834264.8242
125066.7663
-1.1888
5348.6032
11.5223
2350.7025
-897.9183
-25741498.0363
1316.3009
-15.3368
280787978.5314
-5.0372
-51.1871
-69909.4137
-5.5378
1550.8192
-0.1464
1367.2911
-896.4414
37.6349
31.4990
946.7689
-206.1088
ERROR
58.7993
-53233571.6853
200.7137
22.1245
2856.8341
-22.6695
-7595.2254
-10741.7570
38.0800
-26411.3655
-2134246125990.5276
-1715.4258
11.7189
3.1628
-0.0001
-576.2128
-9156.2840
-88.0678
482.1678
-699752.9127
-337.6163
42.2729
-7.3519
ERROR
1612782.1127
3.0449
85736.9274
-16182341.7005
115370746.7639
-0.0141
-29.0318
-0.0002
31649.1531
-71.5747
-20981.6410
662701.5649
-37.4593
694.7583
98.2667
-77.7969
-0.0330
ERROR
45.0699
-119849.9282
-781.8110
0.0000
-41085.0393
55.0956
-1459.1728
11691.4816
-15688.3066
11517411.6071
-0.2452
-63473724.5604
ERROR
73.4253
4827210.1455
-1635999480.0153
0.1084
-16.9477
-146961.9411
545.3428
2259.9867
-48355.1788
-145.1203
-1087.6476
4.8225
-540976.7350
191.8071
-3343.9546
1089429141.6454
-3.2689
48.6153
-50.6306
-31.1824
-1465.1730
26.7826
14195.0125
-40627.2408
-151.4532
358.8774
-0.0002
-258.7421
ERROR
12.7945
5.2495
ERROR
164419.3499
145.8644
84.3919
-4143.3002
-1281.8044
-0.8943
-814370327.8075
903.1409
-1957.6177
-1156663.0018
157351.3135
ERROR
123296857.7863
167593.7656
10416312.2986
487.8163
207.6513
-410.1994
2667043.2982
16.9073
0.1393
0.0393
-238713.6737
-504627423.6467
-397908.8484
872.6130
-328.4948
-4.0965
661.5972
3100.5600
-1334589.2964
-123.6530
-1849751.0348
0.0147
67.8755
9823627686.3727
-109809714.3714
404439105.6062
-117117.5337
0.0052
8593.5350
-42.1943
211.9813
104304.7466
39534.9027
6031898.3831
-0.1609
-56.6309
-0.0095
21350.6660
1.1634
-858.9476
2.7872
-3328.3074
0.0026
353314233.1127
-0.0039
-19320.0263
21.0309
368.6351
-58.8835
1973.6336
1383.9066
-9806.3679
-418.2674
27.3145
176.9256
24.2804
-7.0000
-5269244.8957
ERROR
-102.9863
-13274.1449
1.9043
-44.3596
ERROR
51.4629
2559699989.4460
-0.0002
16.6774
-2.9850
-0.1078
-192.8258
-496835.5478
-10619.5681
70.9670
-2638.9658
-0.0010
-173.9015
-842074496.5791
0.1926
52.0049
-0.3963
2755.0790
0.0000
-3253.9141
87.2198
-634.2614
0.5134
-752502.2056
0.4675
42522.0272
4545401.6565
33.3700
-1806305868.4889
-0.0663
0.7123
-7134438584.9044
-0.8783
ERROR
-9.6664
215.3653
-382.0583
-1144.7370
457.9165
0.5300
-0.0000
-55566920779163.1094
943700.8388
63738.5766
-187620.1517
0.0001
-0.7730
1570.9317
ERROR
-153.8479
-2.2271
1563.8386
0.0044
104486.9297
18972.3154
8584.4898
-44472978.9974
13271.4742
343542.7014
-285836.7943
73638.8163
ERROR
8546.5260
-59.8196
-561.2013
-4.2573
ERROR
-827109.2171
-170.5491
584.1709
-11720378.5376
1484.8448
0.0007
-1629.4754
2.2491
0.3528
4.6674
ERROR
-178013.9465
-65.1805
3.2910
479287.1357
-0.0002
-220.3831
-20348.5994
100067.2249
4113.7111
-0.0017
-1770.5403
-21722.4838
-2311.8776
-1729.6673
-8495.7969
-1514.1000
-1807.6978
23289.7940
-33746.9416
ERROR
-5691.3282
18906.0197
18.9754
-7454.4074
-0.0007
-503.9128
164.9813
ERROR
-2611838.8660
146795.1620
ERROR
43.7435
255280.1975
2972003.8579
17511.0760
-60803.8326
-3209333.2381
-5.0281
5.0196
-1976.1997
61.3372
-21133.4597
0.6432
-8.1719
-681725076.2604
3099785.3044
-32682.3873
0.3640
1382643.3272
932825.7901
-32298.5034
43048.1015
21129.4589
0.0000
-130.4353
-27417.9925
-867.3271
ERROR
-56.8000
7508667.9262
10.7837
-0.0000
-518.7480
0.0150
-0.0266
41203.5032
-40493.6776
84.8555
0.0000
34022.8332
4076394.6782
-964.1266
-111609.6718
1.4094
-0.3800
215.6965
-1419978.8176
51.4687
90.5503
33.4131
616808.2354
-233562264.6503
27093.6957
-834.0515
412.7800
7.1537
-0.0000
11363.6416
12.9054
2516136.1331
21.6019
-0.1016
22417.6823
ERROR
-1.2750
156.0032
-599.9126
-1.8884
6.1047
75166.5607
556774.1390
-0.0000
-0.0012
-121.0490
-106310.2578
188.6336
-14034281.0877
ERROR
-8382393.7308
14931573.6904
-1.1913
0.0000
-72106.6423
2208302.5795
-27624.8069
121302.1177
223.4767
-0.1604
976584812.2340
-0.0000
8.2033
37687456.6475
-10.7498
3525.3534
64.6691
42.1432
177.6634
-3.8902
-384.2655
-5062.6142
-9.9200
18534.7779
-23.4267
1494.3519
4844.4240
-852577409.9889
-2.8285
9.4546
-1363.8104
-602.2213
0.0002
-69237.1250
-1070991.3284
174847.8084
-20082.4731
-981.1787
0.0146
320.1469
-8524.0954
147733.6590
585759.2141
-101.7834
-0.0000
-336.2034
-1200.8959
-8539.2610
32.1429
418019.5713
0.0003
41641.8651
173139.0774
ERROR
ERROR
-1416863.1822
-8.1399
ERROR
-89.1948
-124451.7847
-0.1662
11573399.6578
-558.4065
3669260.4162
ERROR
49031.8580
-922015961645.8453
-145.2970
-24459.8178
ERROR
ERROR
2501772.6981
-0.0346
-2686.4613
9.1653
-48945.9209
966336.3779
-4.0857
2123945.9579
79764700473.0783
142.0747
-66.7753
768972.0923
-18357.1286
1644.7707
-2235432.9767
-948298.8613
0.9351
8.7978
-103315.4131
-78021120.4784
-72.3843
-0.0000
140119.1860
-438979.4133
ERROR
74093.4357
1.2079
-561.8332
-0.4867
0.1649
11.7548
-0.0000
92.3868
-1257.4497
38.7709
-0.2980
-1.0281
23.9538
119507.1605
-516817.0592
136.9710
ERROR
2463.5020
2641.9281
0.0000
0.0046
-1462563.2564
1.3187
ERROR
5428.8760
75130.7580
4.9465
1078513.4269
3260.7975
-13.0130
75508.4257
-3272275.9415
8984.9180
51160.8896
-59.7095
419984022.1005
-41.3243
1809.9432
14.3292
54189.6760
-1152846.3380
-1673051.7363
-6.7574
-2.1918
-349.9247
7499908.6236
-566.1200
321444.5505
0.2214
-1.1144
ERROR
-48028.8028
-196.1687
ERROR
-0.0002
8.9694
1146.0525
0.0044
-9.8924
17288.3253
-2954.7419
0.4592
-1381.7469
1518360.0576
12835883.8822
-13558.2584
-939.4236
-2235.6434
15022532.5186
0.4942
51.9281
-129.4295
0.0004
0.7250
139311162.8932
121327054130.6283
-22727.7245
8362.2276
-38044738.3248
8.0233
-0.0259
12556.0928
1574244991.9977
-86737.6474
-29256.9302
-4702653336.2001
31984666.6014
7268410.1461
3.6253
-28.6960
2175006.7169
-130.4063
ERROR
707.5542
8.8750
20.4375
-100504.1680
1.0603
77.3658
-838.0719
-3575070.8243
-65.9793
0.0091
313.2901
3374.2725
1834.4478
1305.7203
-1533346.2514
2057.3048
83.9936
-37.0062
0.7794
-66.6214
-24.3610
-6193373.1130
-0.0470
-16.2952
11028.1863
-488.6392
89.9395
192.9794
-0.0002
-2162.5122
1.1510
4124.3516
-0.0000
-630619.5998
0.0000
-1201360.1111
31118.9675
-155269.7241
0.0000
-0.9788
3.7322
2866.2551
2013.4518
-0.3301
0.0049
-309.8585
-44575574.1796
20957264.7037
67627461.9026
30510.0439
-122.7323
604801.9015
6367.0767
114675.4012
489.8595
-0.0008
-1472.9009
-287.3980
ERROR
-989.6854
-304.8843
-34372.3961
ERROR
5069535.2157
-20.0111
-3.4403
0.0095
-876.5515
22.0523
0.7156
63.3498
-191.1778
ERROR
-647.1860
2472.7116
2.8230
125009.7426
-34.9224
-31.3279
ERROR
-401569162.4773
-274.6956
90.7839
-139.0103
-61.1598
-0.0000
0.0004
1620.9850
280.7327
-4317.5400
-17.7558
2005.7033
-0.0061
0.0001
1165145.2708
-3.9084
26489.7420
-19022.0844
-4188.2412
53.2449
25.9774
0.0025
ERROR
-25993.2830
28.9404
520149.3902
-102.6558
-89766.5988
ERROR
-152.5969
-38.6937
-0.1312
0.0002
-15279430523.5210
-12259133.6154
-43497.1648
-569491862.7942
-0.0214
0.0518
-12176.6728
97590.0311
1861.9614
-0.0900
0.0006
388868.5229
-279375.8428
2179.2472
-27806.2090
-26.3637
